2 2 0.063505000071018
3 2 604.6328410011483
4 2 727.3351530002401
5 2 442.03479700081516
7 2 639.3018490016402
8 2 602.481750998777
9 2 910.5403400008072
11 2 2489.46246199921
13 2 6985.971351999979
16 2 7679.080771000372
3 3 0.05212800169829279
4 3 0.0647569995635422
5 3 356.4463849997992
7 3 1017.6082340003632
8 3 2035.8630740010994
9 3 3482.1921689999726
11 3 9945.401319000666
13 3 25400.90397900167
16 3 105788.09543199895
4 4 0.39564100006828085
5 4 0.8711720001883805
7 4 7060.601148001297
8 4 23834.002898000108
9 4 48295.1707379998
11 4 159219.39500299958
13 4 451447.92632400093
16 4 1501250.4040050008
5 5 3.0147830002533738
7 5 18.056606000754982
8 5 39.09415300040564
9 5 414194.10183299985
11 5 1730702.838078001
13 5 6363404.714957
